253 231 231 231 251 232 255 245 245 255 255 251 231 231 231 253
231   0   0  47 226   6 199 151 151 255 255 226  47   0   0 231
231   0   0 167 255   4 123 129 200 162 135 255 167   0   0 231
231  47 167 225 255  38 236 135 187  56 162 255 225 167  47 231
251 226 255 255 255  15 208  24 151 224 254 255 255 255 226 251
232   8 120 252 255 247 201   5 151  56   8   1   8   8 186 255
250 199 132 187 255  62 243 118 151  99 249  78 218 255 215 250
241 104 175 187 151 255 222  62 151 174 151 128  88 200  43 231
255 255 184 135 151 255 222 123 213 174   5 151 187 200 151 245
236 112 229 236 255  62 243 222 255  99   2 255 187  56 199 255
231  72 255  93   8   0  62 255 108 195   8   8   5   0 183 255
251 226 255 255 255 210  78 231 104  31 210 255 167 135 226 251
231  47 167 225 255  93 196 104 104 199   8 167 110 135 135 239
231   0   0 167 255 255 225 184 104 199 139   0  47 127 120 242
231   0   0  47 226 249  73 151 212  96  72 183 145 131 183 248
253 231 231 231 251 254 231 241 255 236 231 255 247 244 255 255
253 231 231 231 251 232 255 245 245 255 255 251 231 231 231 253
231   0   0  47 226   6 199 151 151 255 255 226  47   0   0 231
231   0   0 167 255   4 123 129 200 162 135 255 167   0   0 231
231  47 167 225 255  38 236 135 187  56 162 255 225 167  47 231
251 226 255 255 255  15 208  24 151 224 254 255 255 255 226 251
232   8 120 252 255 247 201   5 151  56   8   1   8   8 186 255
250 199 132 187 255  62 243 118 151  99 249  78 218 255 215 250
241 104 175 187 151 255 222  62 151 174 151 128  88 200  43 231
255 255 184 135 151 255 222 123 213 174   5 151 187 200 151 245
236 112 229 236 255  62 243 222 255  99   2 255 187  56 199 255
231  72 255  93   8   0  62 255 108 195   8   8   5   0 183 255
251 226 255 255 255 210  78 231 104  31 210 255 167 135 226 251
231  47 167 225 255  93 196 104 104 199   8 167 110 135 135 239
231   0   0 167 255 255 225 184 104 199 139   0  47 127 120 242
231   0   0  47 226 249  73 151 212  96  72 183 145 131 183 248
253 231 231 231 251 254 231 241 255 236 231 255 247 244 255 255
253 231 231 231 251 232 255 245 245 255 255 251 231 231 231 253
231   0   0  47 226   6 199 151 151 255 255 226  47   0   0 231
231   0   0 167 255   4 123 129 200 162 135 255 167   0   0 231
231  47 167 225 255  38 236 135 187  56 162 255 225 167  47 231
251 226 255 255 255  15 208  24 151 224 254 255 255 255 226 251
232   8 120 252 255 247 201   5 151  56   8   1   8   8 186 255
250 199 132 187 255  62 243 118 151  99 249  78 218 255 215 250
241 104 175 187 151 255 222  62 151 174 151 128  88 200  43 231
255 255 184 135 151 255 222 123 213 174   5 151 187 200 151 245
236 112 229 236 255  62 243 222 255  99   2 255 187  56 199 255
231  72 255  93   8   0  62 255 108 195   8   8   5   0 183 255
251 226 255 255 255 210  78 231 104  31 210 255 167 135 226 251
231  47 167 225 255  93 196 104 104 199   8 167 110 135 135 239
231   0   0 167 255 255 225 184 104 199 139   0  47 127 120 242
231   0   0  47 226 249  73 151 212  96  72 183 145 131 183 248
253 231 231 231 251 254 231 241 255 236 231 255 247 244 255 255

253 231 231 231 251 255 250 231 245 255 255 251 239 242 248 255
231   0   0  47 226 186 215  43 151 199 183 226 135 120 183 255
231   0   0 167 255   8 255 200 200  56   0 135 135 127 131 244
231  47 167 225 255   8 218  88 187 187   5 167 110  47 145 247
251 226 255 255 255   1  78 128 151 255   8 255 167   0 183 255
255 255 135 162 254   8 249 151   5   2   8 210   8 139  72 231
255 255 162  56 224  56  99 174 174  99 195  31 199 199  96 236
245 151 200 187 151 151 151 151 213 255 108 104 104 104 212 255
245 151 129 135  24   5 118  62 123 222 255 231 104 184 151 241
255 199 123 236 208 201 243 222 222 243  62  78 196 225  73 231
232   6   4  38  15 247  62 255 255  62   0 210  93 255 249 254
251 226 255 255 255 255 255 151 151 255   8 255 255 255 226 251
231  47 167 225 255 252 187 187 135 236  93 255 225 167  47 231
231   0   0 167 255 120 132 175 184 229 255 255 167   0   0 231
231   0   0  47 226   8 199 104 255 112  72 226  47   0   0 231
253 231 231 231 251 232 250 241 255 236 231 251 231 231 231 253
253 231 231 231 251 255 250 231 245 255 255 251 239 242 248 255
231   0   0  47 226 186 215  43 151 199 183 226 135 120 183 255
231   0   0 167 255   8 255 200 200  56   0 135 135 127 131 244
231  47 167 225 255   8 218  88 187 187   5 167 110  47 145 247
251 226 255 255 255   1  78 128 151 255   8 255 167   0 183 255
255 255 135 162 254   8 249 151   5   2   8 210   8 139  72 231
255 255 162  56 224  56  99 174 174  99 195  31 199 199  96 236
245 151 200 187 151 151 151 151 213 255 108 104 104 104 212 255
245 151 129 135  24   5 118  62 123 222 255 231 104 184 151 241
255 199 123 236 208 201 243 222 222 243  62  78 196 225  73 231
232   6   4  38  15 247  62 255 255  62   0 210  93 255 249 254
251 226 255 255 255 255 255 151 151 255   8 255 255 255 226 251
231  47 167 225 255 252 187 187 135 236  93 255 225 167  47 231
231   0   0 167 255 120 132 175 184 229 255 255 167   0   0 231
231   0   0  47 226   8 199 104 255 112  72 226  47   0   0 231
253 231 231 231 251 232 250 241 255 236 231 251 231 231 231 253
253 231 231 231 251 255 250 231 245 255 255 251 239 242 248 255
231   0   0  47 226 186 215  43 151 199 183 226 135 120 183 255
231   0   0 167 255   8 255 200 200  56   0 135 135 127 131 244
231  47 167 225 255   8 218  88 187 187   5 167 110  47 145 247
251 226 255 255 255   1  78 128 151 255   8 255 167   0 183 255
255 255 135 162 254   8 249 151   5   2   8 210   8 139  72 231
255 255 162  56 224  56  99 174 174  99 195  31 199 199  96 236
245 151 200 187 151 151 151 151 213 255 108 104 104 104 212 255
245 151 129 135  24   5 118  62 123 222 255 231 104 184 151 241
255 199 123 236 208 201 243 222 222 243  62  78 196 225  73 231
232   6   4  38  15 247  62 255 255  62   0 210  93 255 249 254
251 226 255 255 255 255 255 151 151 255   8 255 255 255 226 251
231  47 167 225 255 252 187 187 135 236  93 255 225 167  47 231
231   0   0 167 255 120 132 175 184 229 255 255 167   0   0 231
231   0   0  47 226   8 199 104 255 112  72 226  47   0   0 231
253 231 231 231 251 232 250 241 255 236 231 251 231 231 231 253

254 249 238 240 247 234 238 251 244 238 251 247 232 233 231 253
244 163 120 125 146 131 147 201 164 136 232 201  89  87  73 243
241 141 137  85  32 114 156 120  99 161 223 212 119  73  86 244
241 171 158 149 161  10 133 112  92 168 105 195 120 127  85 243
252 221 111 161 209 145  67 142 143 125 181 222 210 218 200 251
253 182  31  12  26  49 180 114 145  56   9  65 109 164  59 240
244 157 135 187 186  63 119 184 189 205  54 176 206 170 108 244
241 140 140 137 164 116 152 144 159 185 173 140 173 194 181 249
231  85 138 100  94 185 131 170 123 149 214 178 183 145 146 249
242 161 175 151  48 214 106 149 172 165  63 231 133 106 195 252
243 122  76 112  52  85 121 144 106 227 172 189 207 169 113 245
246 194 214 216 239 242 216 164 114 217  70 220 196 213 209 251
232  89 119 120 206 141 125 135 111 162  90 212 119 120  85 243
233  87  73 127 211  88 134 129  75  45  13 213 120  75  87 244
231  73  86  85 210 170 151 109  83  94  18 192  85  87  72 243
253 243 244 243 252 250 247 245 244 246 240 250 243 244 243 254
254 249 238 240 247 234 238 251 244 238 251 247 232 233 231 253
244 163 120 125 146 131 147 201 164 136 232 201  89  87  73 243
241 141 137  85  32 114 156 120  99 161 223 212 119  73  86 244
241 171 158 149 161  10 133 112  92 168 105 195 120 127  85 243
252 221 111 161 209 145  67 142 143 125 181 222 210 218 200 251
253 182  31  12  26  49 180 114 145  56   9  65 109 164  59 240
244 157 135 187 186  63 119 184 189 205  54 176 206 170 108 244
241 140 140 137 164 116 152 144 159 185 173 140 173 194 181 249
231  85 138 100  94 185 131 170 123 149 214 178 183 145 146 249
242 161 175 151  48 214 106 149 172 165  63 231 133 106 195 252
243 122  76 112  52  85 121 144 106 227 172 189 207 169 113 245
246 194 214 216 239 242 216 164 114 217  70 220 196 213 209 251
232  89 119 120 206 141 125 135 111 162  90 212 119 120  85 243
233  87  73 127 211  88 134 129  75  45  13 213 120  75  87 244
231  73  86  85 210 170 151 109  83  94  18 192  85  87  72 243
253 243 244 243 252 250 247 245 244 246 240 250 243 244 243 254
254 249 238 240 247 234 238 251 244 238 251 247 232 233 231 253
244 163 120 125 146 131 147 201 164 136 232 201  89  87  73 243
241 141 137  85  32 114 156 120  99 161 223 212 119  73  86 244
241 171 158 149 161  10 133 112  92 168 105 195 120 127  85 243
252 221 111 161 209 145  67 142 143 125 181 222 210 218 200 251
253 182  31  12  26  49 180 114 145  56   9  65 109 164  59 240
244 157 135 187 186  63 119 184 189 205  54 176 206 170 108 244
241 140 140 137 164 116 152 144 159 185 173 140 173 194 181 249
231  85 138 100  94 185 131 170 123 149 214 178 183 145 146 249
242 161 175 151  48 214 106 149 172 165  63 231 133 106 195 252
243 122  76 112  52  85 121 144 106 227 172 189 207 169 113 245
246 194 214 216 239 242 216 164 114 217  70 220 196 213 209 251
232  89 119 120 206 141 125 135 111 162  90 212 119 120  85 243
233  87  73 127 211  88 134 129  75  45  13 213 120  75  87 244
231  73  86  85 210 170 151 109  83  94  18 192  85  87  72 243
253 243 244 243 252 250 247 245 244 246 240 250 243 244 243 254

253 237 239 238 249 233 239 247 246 251 241 251 238 239 237 253
237  74  87  88 197  63 108 183 147 190 117 214  88  87  74 237
239  87  73 124 217 164 170 193 151 106 170 215 124  73  87 239
238  88 124 120 206 103 209 174 181 139 204 199 120 124  88 238
250 205 215 199 222  62 174 143 173 235 191 223 215 216 197 249
252 228 224 112 176  10  55 173 212  73 170  74  97  15  20 234
243 135 159 164 127  54 206 187 149 166 222 214 165  49  93 242
248 168 105  95 145 144 191 158 125 166 108 113 112  75  80 239
252 204 122 108 139 109 186 146 171 154 147 169 139 132 116 241
242 143 162 136  69 188 113 154 128 104 118 219 127 129 152 244
240 128 119   5 143  44  61 114 185 219  90 245 147  84 170 249
249 151  34 156 211  22 185 169  92  54  54 240 203 210 206 250
244 125  89 144 156   6 186 141 102 151 115 220 120 124  88 238
243 122 135 163 119  30 134 141 137 175  77 216 124  73  87 239
251 168 137 172 220 189 158 145  83 158 128 198  88  87  74 237
255 248 244 245 252 254 247 245 238 245 246 249 238 239 237 253
253 237 239 238 249 233 239 247 246 251 241 251 238 239 237 253
237  74  87  88 197  63 108 183 147 190 117 214  88  87  74 237
239  87  73 124 217 164 170 193 151 106 170 215 124  73  87 239
238  88 124 120 206 103 209 174 181 139 204 199 120 124  88 238
250 205 215 199 222  62 174 143 173 235 191 223 215 216 197 249
252 228 224 112 176  10  55 173 212  73 170  74  97  15  20 234
243 135 159 164 127  54 206 187 149 166 222 214 165  49  93 242
248 168 105  95 145 144 191 158 125 166 108 113 112  75  80 239
252 204 122 108 139 109 186 146 171 154 147 169 139 132 116 241
242 143 162 136  69 188 113 154 128 104 118 219 127 129 152 244
240 128 119   5 143  44  61 114 185 219  90 245 147  84 170 249
249 151  34 156 211  22 185 169  92  54  54 240 203 210 206 250
244 125  89 144 156   6 186 141 102 151 115 220 120 124  88 238
243 122 135 163 119  30 134 141 137 175  77 216 124  73  87 239
251 168 137 172 220 189 158 145  83 158 128 198  88  87  74 237
255 248 244 245 252 254 247 245 238 245 246 249 238 239 237 253
253 237 239 238 249 233 239 247 246 251 241 251 238 239 237 253
237  74  87  88 197  63 108 183 147 190 117 214  88  87  74 237
239  87  73 124 217 164 170 193 151 106 170 215 124  73  87 239
238  88 124 120 206 103 209 174 181 139 204 199 120 124  88 238
250 205 215 199 222  62 174 143 173 235 191 223 215 216 197 249
252 228 224 112 176  10  55 173 212  73 170  74  97  15  20 234
243 135 159 164 127  54 206 187 149 166 222 214 165  49  93 242
248 168 105  95 145 144 191 158 125 166 108 113 112  75  80 239
252 204 122 108 139 109 186 146 171 154 147 169 139 132 116 241
242 143 162 136  69 188 113 154 128 104 118 219 127 129 152 244
240 128 119   5 143  44  61 114 185 219  90 245 147  84 170 249
249 151  34 156 211  22 185 169  92  54  54 240 203 210 206 250
244 125  89 144 156   6 186 141 102 151 115 220 120 124  88 238
243 122 135 163 119  30 134 141 137 175  77 216 124  73  87 239
251 168 137 172 220 189 158 145  83 158 128 198  88  87  74 237
255 248 244 245 252 254 247 245 238 245 246 249 238 239 237 253
